img1 :

13,10,6,2,10,10,12,4,3,3,4,15,4,4,1,4,7,15,7,15,3,8,4,3,4,15,3,7,9,15,4,3,3,7,3,8,7,15,15,4,4,3,8,4,7,4,4,7,7

img2 :

5,10,2,6,0,10,2,2,10,6,8,3,7,4,7,4,7,0,7,3,1,4,7,3,4,3,4,7,0,3,1,0,7,4,3,3,0,7,3,7,9,4,4,3,3,4,4,3,4,3,9,4,4,7,3,0,4,3,3,3,8,4,3,0,7,3,3,4,3,3,1,0,4,7,0,7,0,3,3,3,14,0,3,3,3,0,3,0,7,3,8,7,4,7,4,3,7,4,4,7

-450,450
-50,450
 50,-450
-500,500
-500,500

img3 :

5,6,10,10,6,2,10,10,9,4,0,3,3,4,4,3,14,0,7,4,4,4,7,3,1,7,0,4,4,3,0,7,8,3,4,0,3,4,7,3,1,4,3,7,4,4,3,3,8,3,3,0,3,0,0,3,4,7,4,7,4,7,4,7

-350,350
-350,-350
 350,350
-400,400
-400,400 

img4 :

11,2,10,6,2,6,10,6,2,10,10,10,10,10,6,9,3,4,7,4,3,0,7,4,0,4,0,3,4,7,9,4,3,4,0,7,0,4,4,3,3,3,4,4,3,8,3,4,4,0,4,3,0,4,7,3,3,3,3,3,9,4,4,3,3,0,7,3,3,0,7,3,3,4,7,9,0,3,0,7,4,3,7,3,4,0,4,3,3,3,8,7,4,4,3,0,7,0,7,0,4,3,4,7,3,4,4,4,3,3,4,7,3,0,4,3,4,4,7,3,1,4,4,0,4,3,4,4,4,3,4,3,0,4,7,9,4,0,4,3,4,3,0,7,3,0,7,3,0,3,8,3,3,4,3,0,7,4,3,3,3,0,7,7,3,1,7,3,3,3,4,4,3,3,3,3,3,0,4,7,8,3,3,3,4,7,4,7,0,7,7,0,3,0,3,9,7,4,7,0,3,0,4,4,4,4,3,0,7,7,8,4,4,4,7,4,7,4,4,4,4,7,4,4,4

-700,700
-700,0
 700,-700
-750,750
-750,750

img5 :

5,10,3,2,6,8,3,7,3,3,8,4,4,7,3,1,4,4,4,3,8,4,3,4,7

-200,200
 0,200
 0,-200
-250,250
-250,250

img6 :

5,12,0,6,2,6,9,0,7,4,3,3,8,7,0,4,7,3,8,0,7,3,0,7,1,7,0,7,4,3,8,4,7,0,4,7

-250,250
-50,250
 50,-250
-300,300
-300,300